0.09863333333333334
0.09863333333333334
0.17245
0.18245
0.15736666666666665
0.2568166666666667
0.12276666666666666
0.31321666666666664
0.42755
0.43853333333333333
0.4659
0.5547333333333333
0.5268
0.5634
0.6160166666666667
0.63005
0.6571666666666667
0.6142666666666666
0.681
0.6558166666666667
0.71795
0.7295833333333334
0.7662166666666667
0.6968333333333333
0.76745
0.7206
0.7578166666666667
0.7585166666666666
0.76465
0.7700666666666667
0.8041833333333334
0.80195
0.80105
0.78885
0.8600166666666667
0.8430666666666666
0.8206
0.8197833333333333
0.8187833333333333
0.8037666666666666
0.8254333333333334
0.8480333333333333
0.8572833333333333
0.8355166666666667
0.8399
0.8205333333333333
0.8639333333333333
0.8481333333333333
0.8379333333333333
0.8603833333333334
0.8603833333333334
0.85545
0.825
0.8545833333333334
0.8743166666666666
0.8639166666666667
0.8579833333333333
0.8689166666666667
0.81095
0.8724833333333334
0.8376666666666667
0.8758
0.8640333333333333
0.8679666666666667
0.8616666666666667
0.8624
0.8721666666666666
0.8628166666666667
0.8392
0.8392
0.88725
0.8704166666666666
0.8704166666666666
0.8705833333333334
0.8816833333333334
0.8751666666666666
0.8867
0.8707666666666667
0.85145
0.88585
0.8460666666666666
0.8728833333333333
0.8847666666666667
0.8716333333333334
0.8593833333333334
0.8831666666666667
0.8778
0.8870333333333333
0.8829166666666667
0.8860833333333333
0.8795833333333334
0.8786
0.89805
0.89985
0.90025
0.9021
0.9016166666666666
0.89705
0.8968333333333334
0.89945
0.9021666666666667
0.89475
0.9018166666666667
0.8950833333333333
0.8976
0.9019833333333334
0.8927166666666667
0.8959833333333334
0.8936333333333333
0.8978
0.9007833333333334
0.8994833333333333
0.8968666666666667
0.90005
0.88915
0.8936833333333334
0.9072833333333333
0.8839666666666667
0.90515
0.88005
0.9049666666666667
0.9134333333333333
0.9064
0.8810166666666667
0.9145666666666666
0.9088166666666667
0.9095333333333333
0.9132333333333333
0.9077166666666666
0.9102166666666667
0.9007666666666667
0.8996
0.9159166666666667
0.9054
0.9134
0.9035333333333333
0.9058
0.9088833333333334
0.8965
0.9113833333333333
0.9071666666666667
0.9084166666666667
0.9179166666666667
0.9101666666666667
0.9206
0.9143666666666667
0.9203333333333333
0.9199833333333334
0.9133333333333333
0.91275
0.9165333333333333
0.91685
0.9228333333333333
0.9203166666666667
0.9172833333333333
0.9189
0.9225166666666667
0.9245666666666666
0.9205666666666666
0.9224166666666667
0.8852666666666666
0.9149666666666667
0.9211333333333334
0.9226166666666666
0.9235666666666666
0.9157666666666666
0.91985
0.9214666666666667
0.92245
0.9190666666666667
0.9158333333333334
0.9209666666666667
0.9263333333333333
0.92595
0.9194666666666667
0.9199
0.9231333333333334
0.9158166666666666
0.9226166666666666
0.9155833333333333
0.9132666666666667
0.92355
0.9235333333333333
0.9166333333333333
0.9318333333333333
0.9306166666666666
0.92975
0.9067
0.9067
0.9272833333333333
0.9271166666666667
0.9276666666666666
0.9279
0.9295
0.9217166666666666
0.9292166666666667
0.90965
0.9185666666666666
0.9288833333333333
0.9221
