2.305353688832124
2.347354149810473
2.27739433396856
2.2902728009700777
2.208288423236211
2.189493937752644
2.025765817809105
2.0258204434613387
1.8345144530773163
1.8367212155222892
1.735261386322975
1.5045220627019802
1.5022268498728673
1.3406802298734586
1.2754598777338861
1.1961599050874512
1.1203487188567718
1.1835345769241452
1.0092141768316427
1.0222350149840116
0.9047964509492119
0.8492660989006361
0.8947471984893084
0.9294872342348098
0.7542975346038739
0.8028561677674453
0.7628651492074132
0.7467645114546021
0.7104057423663636
0.6895934945404529
0.6145775390664736
0.6066281808411081
0.617217768116047
0.6084081597107153
0.5302935337655246
0.542842854565382
0.5616510662635168
0.5478007888865968
0.5548061226059993
0.5620739484903713
0.5272467782681187
0.49946874170824884
0.4860563105672598
0.5003128860836228
0.48914382955456776
0.5302879572331906
0.46091371895770233
0.46344923286785683
0.4958565080461403
0.4723897744762401
0.4723897744762401
0.46027840199569864
0.489137209249412
0.4463455974752704
0.4319970599671205
0.4519046500441929
0.45171212430521845
0.4217098463681837
0.5362156552353253
0.4194987828704218
0.4915147511001676
0.4121202091705054
0.427363837097461
0.41604815259252986
0.4295237174813946
0.44745536762227617
0.41705732915513216
0.4396034821761151
0.4814138146282484
0.4814138146282484
0.3890208115447313
0.4257147370306154
0.4257147370306154
0.42788522012953956
0.39973208676725624
0.4004933301755538
0.3863206421857079
0.4064685092039406
0.4414076107636094
0.39256299565012254
0.44121528894901274
0.39742422428118684
0.38382436169671513
0.3981438936250905
0.40410261314529927
0.3769601482221236
0.3774424685690552
0.3577727512241652
0.3744842680429419
0.3601987522729983
0.3754944140618667
0.36862809908700483
0.33193049082309006
0.33227587676731246
0.3310407407172024
0.3235724816792955
0.32751669169484326
0.3453899858372907
0.33203222668462745
0.3274510465865334
0.3232910467180734
0.3374762377046049
0.3225748300094157
0.33173577089284856
0.33245103762385747
0.3191914322281256
0.3526002687189728
0.33351600430185596
0.33653370014702283
0.3275490017230933
0.32361147647723554
0.32683003318347037
0.33681493594336015
0.32316701178886
0.3636716019225617
0.3368946810240547
0.30527130458516377
0.36612197579114386
0.3152615335215504
0.3708356909099656
0.30844118961698064
0.29063253870960326
0.3051442757780353
0.36470144281455624
0.2811193375006939
0.29784941944666204
0.30001128458095094
0.2846206048849349
0.30106364294259497
0.29349216780830173
0.31556217160709205
0.3234069686083123
0.28147721146879096
0.3038184988540287
0.2836167787471786
0.3145306557598213
0.3110200614864628
0.29464647758615514
0.32434935871263343
0.2931199174741904
0.2997673613830159
0.2936220418142155
0.26850399426712346
0.29023339689448474
0.2627357559657345
0.2797468882095069
0.2639632163186868
0.2651370104852443
0.28737700204998257
0.2819395336398855
0.27344578708109135
0.27324941790681334
0.25419867059644313
0.2656016065583254
0.27026110514638324
0.26767153899880747
0.2592237950128193
0.2519297542368372
0.26306732260975985
0.25566597301562627
0.3465869375271723
0.27573730514558653
0.2620127954689165
0.25530704395522674
0.2532414281341868
0.2774682445385804
0.2598191731772696
0.2571448365132635
0.2531057264850785
0.26311201859032735
0.27210867397903155
0.2572898730026558
0.24506413978276154
0.24475591456225762
0.2628920374231413
0.26071305364420017
0.25290725274315723
0.27346461711023
0.25304242293418694
0.27700396664006016
0.277131373975426
0.25123072855516027
0.24933697568926338
0.2677772591353704
0.2277003880285037
0.23037055167652046
0.22917922640033067
0.29994006771938875
0.29994006771938875
0.2391023758470391
0.23622679043446357
0.23648917873948813
0.2368192192870813
0.23167953631492952
0.2542552422640224
0.2328191544808137
0.28360768127087504
0.2606433298221479
0.23295731858468305
0.25653611260050285
