2.2901312879006066
2.2625777143677075
2.231616867903868
2.212353817820549
2.1079716449419656
2.0350013302842775
1.9290517077545324
1.814345819113652
1.6244102458536624
1.4531761462827524
1.2953579015592733
1.1600111050784587
1.041305280857285
1.041305280857285
0.8774884778996309
0.8114932870199283
0.7528602411687374
0.7548718533123533
0.6692653030554454
0.662751481633385
0.6111094987203678
0.5827332203964393
0.6136861714497208
0.5707634793231885
0.5273581551472346
0.537706688242654
0.5182694351566335
0.5026029828985532
0.5012836620792747
0.48641279915769897
0.46133183225343627
0.5376732948571443
0.4703217417247593
0.4499139499163876
0.4346498885718485
0.4261084301787118
0.45082624774165453
0.41715609621703625
0.4325398391758402
0.41036544218001264
0.39826191474099953
0.44864876794231434
0.39070109079815446
0.414903646502768
0.38247844457129637
0.3868923814213524
0.38208557224571704
0.37602315952914456
0.37615487330406905
0.37240649280399085
0.37240649280399085
0.36473389102804166
0.3652044337867449
0.35384173598835866
0.35352159359895935
0.3537165454087158
0.3654590134487177
0.34344140216174224
0.3897857077619682
0.34283042644560335
0.34283042644560335
0.3347835526134198
0.35980260141367715
0.33522852202293774
0.3353289385681351
0.34065565562117844
0.3442149295343086
0.3291337839421506
0.3240701411234215
0.3240701411234215
0.3156503784370298
0.3186889717468992
0.3186889717468992
0.31994938770507775
0.30818071953840553
0.3074618532185132
0.3157535699751849
0.3154268412248542
0.3049713404620687
0.30098859330359845
0.3196621657582
0.30343339173980055
0.3041580530601864
0.2999448095459491
0.2911049514451375
0.2934944245691722
0.2928594047510997
0.2866809811248134
0.2948411751343558
0.2836642542198921
0.3069740593887866
0.28129912868930645
0.28044457613161455
0.2861331038385009
0.2836523485677317
0.2762261991486574
0.27560627199355514
0.27812181987868
0.2719883737768357
0.27638833384110284
0.2708786190516626
0.27543070938717573
0.2662060158801576
0.27635515558030455
0.2919093955272188
0.2640379502582053
0.2630337043888246
0.324862240018261
0.2607454583587125
0.26644323266856373
0.2600001116640245
0.25838404759230715
0.25720803358890115
0.26869237328385936
0.2623083193105335
0.2567112822347631
0.2576733547893663
0.26206290065211557
0.25150208892871934
0.25150208892871934
0.2509101336711397
0.2553329097469027
0.24705336856994156
0.2545486584867661
0.24165852029298743
0.24718996612535168
0.2487456219021852
0.23932144398291905
0.248075072423586
0.23868328104633837
0.2397520712691049
0.2432536742200454
0.2477114507082229
0.2653666524063175
0.23540060120206327
0.23845877159225445
0.24835813412868107
0.2337910209822158
0.23770880444928383
0.23287133363112808
0.231074443438525
0.23192843590083842
0.22612754476377742
0.2431698868795298
0.22516110349493101
0.23102443917933851
0.22290806044250105
0.23017903046927726
0.23202915056866283
0.23175717741933963
0.21938281442616134
0.22108723016052195
0.21760557295121252
0.22156198370158672
0.21868707086512199
0.21734253215380012
0.2242142219739966
0.2142691341718038
0.2143853878523223
0.212648464693781
0.21677207759857797
0.22282366778828824
0.21026285448834922
0.20991867959490046
0.20917031750098491
0.21116487565608696
0.20854069842075307
0.20799386625159533
0.22245819912298273
0.21267904687843595
0.21043236276268337
0.20767287664910158
0.20389356160465008
0.2041828019175368
0.21901828312811752
0.20300905938157812
0.20382732534414777
0.2087342192090427
0.20673959772009404
0.2198795104911706
0.2630217839140445
0.20433866439387202
0.19856384824085982
0.20335733070873344
0.19736580617955576
0.20137846192118403
0.19512815488586202
0.2157174154977935
0.2157174154977935
0.19481658701005702
0.19750570635205755
0.1937427579934243
0.19225028571151198
0.20170587416465083
0.19639339154421662
0.19121489918986334
0.21399711691547807
0.20341858338626723
0.1896905262692521
0.19254277798732122
