0.1883
0.11353333333333333
0.19685
0.18471666666666667
0.4748
0.57735
0.5268166666666667
0.4219833333333333
0.6738333333333333
0.7286
0.7408666666666667
0.7645833333333333
0.7468666666666667
0.7468666666666667
0.7916833333333333
0.7979833333333334
0.8213833333333334
0.7944666666666667
0.8336166666666667
0.8105166666666667
0.8450666666666666
0.8506
0.8228333333333333
0.8381333333333333
0.86465
0.8428833333333333
0.8457166666666667
0.8608166666666667
0.8497333333333333
0.8596833333333334
0.87395
0.8029
0.8648833333333333
0.8687333333333334
0.8787
0.8822
0.8659833333333333
0.88195
0.8732
0.88225
0.88675
0.86105
0.8891333333333333
0.8679166666666667
0.8909166666666667
0.8903666666666666
0.8904666666666666
0.8916666666666667
0.8913166666666666
0.89035
0.89035
0.8947833333333334
0.8918666666666667
0.8974166666666666
0.8965
0.8966166666666666
0.88745
0.8995333333333333
0.8810833333333333
0.8971333333333333
0.8971333333333333
0.9017666666666667
0.89255
0.9016166666666666
0.9018
0.8978666666666667
0.8964333333333333
0.9017666666666667
0.90465
0.90465
0.90715
0.9044833333333333
0.9044833333333333
0.90335
0.9089166666666667
0.9084333333333333
0.9042333333333333
0.9087
0.9099166666666667
0.9105166666666666
0.9035
0.9075333333333333
0.9085166666666666
0.9101
0.9137333333333333
0.91245
0.9123833333333333
0.9146166666666666
0.9108833333333334
0.9152166666666667
0.9073166666666667
0.9160833333333334
0.91635
0.9144333333333333
0.9146166666666666
0.9184333333333333
0.91875
0.9179833333333334
0.9194833333333333
0.91725
0.9196833333333333
0.9168
0.9207
0.9171666666666667
0.90975
0.9220666666666667
0.9223166666666667
0.8965833333333333
0.9229833333333334
0.92015
0.9227666666666666
0.9230333333333334
0.9234166666666667
0.9154166666666667
0.9220166666666667
0.9227333333333333
0.9218666666666666
0.9196833333333333
0.9241333333333334
0.9241333333333334
0.9247166666666666
0.9222166666666667
0.9268166666666666
0.9246833333333333
0.9275333333333333
0.92475
0.9249666666666667
0.92835
0.9261
0.9290833333333334
0.9287333333333333
0.9276333333333333
0.9247333333333333
0.9199666666666667
0.9296166666666666
0.9289
0.9220333333333334
0.93085
0.9281833333333334
0.9307166666666666
0.93125
0.9301333333333334
0.9323
0.92655
0.9329833333333334
0.9304166666666667
0.93405
0.9317833333333333
0.9294166666666667
0.9279833333333334
0.9345666666666667
0.9344833333333333
0.93535
0.9331166666666667
0.9342333333333334
0.9351
0.9328666666666666
0.9358
0.93585
0.9362
0.935
0.9319833333333334
0.9378
0.9377
0.9379833333333333
0.9366666666666666
0.9373333333333334
0.93745
0.93185
0.93555
0.9368
0.93815
0.9391166666666667
0.9387333333333333
0.9339833333333334
0.9393666666666667
0.9386166666666667
0.9363833333333333
0.93825
0.93275
0.91325
0.9387333333333333
0.9409
0.93845
0.9410666666666667
0.9387666666666666
0.94145
0.93385
0.93385
0.9418166666666666
0.9407
0.9416
0.9421833333333334
0.9392666666666667
0.94055
0.9424833333333333
0.9317833333333333
0.93835
0.9428833333333333
0.94205
