0.18708333333333332
0.13815
0.1935
0.3069
0.5279666666666667
0.5799
0.64025
0.7091333333333333
0.7216833333333333
0.7481833333333333
0.7613
0.7751333333333333
0.7903
0.7990333333333334
0.81155
0.8156166666666667
0.77275
0.8325333333333333
0.8405
0.8456833333333333
0.8524666666666667
0.8552166666666666
0.8522
0.8354
0.8639833333333333
0.8631833333333333
0.8684833333333334
0.8701833333333333
0.8696
0.8677166666666667
0.8766
0.8688666666666667
0.8653166666666666
0.8809833333333333
0.8804666666666666
0.88295
0.8810166666666667
0.8846166666666667
0.8789666666666667
0.8857
0.8879833333333333
0.8877
0.8878333333333334
0.8913
0.8919666666666667
0.8877333333333334
0.8929833333333334
0.8936
0.8942333333333333
0.8896
0.8896
0.8964833333333333
0.8972
0.8949
0.8986833333333333
0.8994333333333333
0.8999166666666667
0.8922333333333333
0.8955833333333333
0.9020666666666667
0.9018666666666667
0.8972333333333333
0.9035
0.9047833333333334
0.9041166666666667
0.9058833333333334
0.9042333333333333
0.9065833333333333
0.9008333333333334
0.9008333333333334
0.9081833333333333
0.9051166666666667
0.9051166666666667
0.90515
0.90985
0.9092666666666667
0.90825
0.9107166666666666
0.9098
0.91185
0.91225
0.9127333333333333
0.9131666666666667
0.9123666666666667
0.91475
0.9141666666666667
0.9149666666666667
0.91565
0.91645
0.9165833333333333
0.9163666666666667
0.9171333333333334
0.9174
0.9181166666666667
0.91875
0.9192
0.9195166666666666
0.9199
0.9202833333333333
0.9162
0.9209333333333334
0.9201666666666667
0.9218
0.9218833333333334
0.92115
0.9225333333333333
0.9231833333333334
0.9225333333333333
0.92345
0.9238166666666666
0.9238833333333333
0.9249333333333334
0.9253
0.9243833333333333
0.9256166666666666
0.9201166666666667
0.9267166666666666
0.9263666666666667
0.9224833333333333
0.9253
0.9273666666666667
0.92795
0.9284333333333333
0.92825
0.9286
0.9285166666666667
0.9298
0.92905
0.9274166666666667
0.9289
0.9301833333333334
0.9313
0.9311166666666667
0.9319666666666667
0.9317833333333333
0.9315833333333333
0.92865
0.9322833333333334
0.9314833333333333
0.9325333333333333
0.9332333333333334
0.9333666666666667
0.9342
0.9326833333333333
0.9334333333333333
0.9347166666666666
0.9342
0.9339
0.9279
0.93545
0.9358666666666666
0.9344
0.93655
0.9363166666666667
0.9372666666666667
0.9334833333333333
0.9368166666666666
0.9373833333333333
0.93635
0.93785
0.9372166666666667
0.9379833333333333
0.93745
0.93715
0.9391333333333334
0.9384333333333333
0.9391
0.9391333333333334
0.9369333333333333
0.93975
0.9398
0.9400333333333334
0.9402833333333334
0.9398666666666666
0.9406
0.93995
0.94045
0.94145
0.9400333333333334
0.9406833333333333
0.9417166666666666
0.94105
0.9421833333333334
0.9363833333333333
0.94225
0.9401833333333334
0.9419666666666666
0.9423333333333334
0.9380666666666667
0.94315
0.94085
0.9431666666666667
0.94335
0.9414666666666667
0.943
0.9437333333333333
0.9442666666666667
0.9442166666666667
0.94465
0.9446666666666667
