2.288831463710467
2.2643497792959213
2.224913973736763
2.16384215362072
2.0810765230496724
1.9705587818761667
1.8320588815132777
1.6681737431486447
1.4917313582340876
1.3274608542303243
1.1758622310628493
1.0516728643526634
0.9474872350951036
0.862951006274422
0.7959498117993276
0.7473271244352062
0.7308956786051393
0.6601214170917868
0.6290651795218388
0.6013680644730727
0.5755550374095638
0.5552206008876364
0.5467531679744522
0.5598224268580476
0.5098498311412831
0.5005058587414523
0.485505056523035
0.4748808132596314
0.46929386547282337
0.47188447105661036
0.4485612570601205
0.4554000446734329
0.4580772698727747
0.42874005536908905
0.4241472429744899
0.41641668560306233
0.41626702576739094
0.40637800831074516
0.4249382053889334
0.3993157129425555
0.3922458707192292
0.39059045485568544
0.38795354732821385
0.3796685425659021
0.37589944935825964
0.38233541219073036
0.3692916824306051
0.3661950481409828
0.3634381159727772
0.3726782181440542
0.3726782181440542
0.3586700417673836
0.35528779596351084
0.35581785565099366
0.34715767775587736
0.3431411311569934
0.3426230610233421
0.3567829870155702
0.35275254469960926
0.33442865470057975
0.33370343567095695
0.34131627579747387
0.33050391852830846
0.3252234761200845
0.3249845311731721
0.32115460498593745
0.3224191663257778
0.31804718815026184
0.3351846290064355
0.3351846290064355
0.31160584186309326
0.3145368304518983
0.3145368304518983
0.3148901220565662
0.3038980904228985
0.3048118542743226
0.30697383460626004
0.29979112365475546
0.30054860462211075
0.2960268194499736
0.2950337909858674
0.2929156037732959
0.2923993755366032
0.2941504792752365
0.2870607193824525
0.28927941005900504
0.2853954837196817
0.2842031456545616
0.2814766781242564
0.27908911624588073
0.27978214123801637
0.2771513490352159
0.2780241584998866
0.2745341230019927
0.27292455517997344
0.2728173928817113
0.2704244962203627
0.2691124707024544
0.2671947507351016
0.2783673566420873
0.2652731589769324
0.2695143904896453
0.26212858859499294
0.26156684131516766
0.2627771206907928
0.26089363426404694
0.25829291304635504
0.26096417303358516
0.2583146879401679
0.25511732736813525
0.25447398780323566
0.2512966499514257
0.25061050299846876
0.25263422780921685
0.24906531667128826
0.2648993443679685
0.24619853057656438
0.24777382310871035
0.26009061625202495
0.250207415201577
0.24288810687915732
0.24118071249965578
0.2399866222123926
0.2423530225213617
0.2385607530856505
0.237456253225108
0.23581951237013563
0.2362099786736692
0.24297636398884156
0.23834639791958034
0.23424257503751045
0.23134405889902263
0.2311631537445821
0.22918761679086214
0.22872270007490492
0.2295923592283701
0.23332462371171764
0.22736165881532555
0.22783756255004556
0.2261509953022624
0.22388039473599444
0.22296626262528202
0.22172849624408408
0.22611010429163775
0.2218927169175508
0.21975826286136482
0.21998633696613834
0.2215905423756068
0.23867589545572798
0.21714755703484018
0.21509252274430668
0.21878876562984662
0.21363583444984008
0.21437187899422522
0.21208191841139148
0.220173204434632
0.21105478348008666
0.2099608212319513
0.21307865229180703
0.2081072368312627
0.21010152515973896
0.2075606267544441
0.2086163924648116
0.20899317861941333
0.20467549587093914
0.20469283328090485
0.2036017421940652
0.20386315098088234
0.2098971881722721
0.20151289976971845
0.2024679455198658
0.20031504705706613
0.1999654323159096
0.20024242781959475
0.19832264974036565
0.20034374903505667
0.19918329342364643
0.19778883091841515
0.19976246312667306
0.19685075022873158
0.1948030527664038
0.19739899270062644
0.19402202234541377
0.2089890839817313
0.19357121464442462
0.19599970208030815
0.19237618478839286
0.1924065190630189
0.20358341920416181
0.19038205865882338
0.19574637709915016
0.18871728990091943
0.18987778225286553
0.19429539384289335
0.18853288993882014
0.18758761338392893
0.18617244645375758
0.18691712083689246
0.18475053497944027
0.1840121379190435
