2.2831637670556706
2.2242510388890904
2.1241131586233775
1.994254244641463
1.8214426084697246
1.6339734406153361
1.4446402598361174
1.34441557268401
1.220872420279185
1.0655407578974962
0.9573641488174598
1.036428283214569
0.8749134575332205
1.2025815220395724
0.746294150822858
0.7495848837311069
0.7278036709710956
0.6539442081306129
0.6246242055078347
0.5983116774955144
0.6199668945281456
0.5852510243577261
0.6005973981004208
0.5494861044200758
0.5364234180464099
0.5086348577195158
0.5079662132855505
0.5449079330135137
0.4926650071114302
0.47636023991716403
0.4724561619129032
0.4645001479040831
0.4501324036579579
0.4422477045374612
0.4356149599934618
0.4277371886267016
0.42948487983296313
0.42406751706631235
0.41897384007486205
0.41897384007486205
0.41316168147772553
0.4039961541203161
0.4290105470162506
0.4290105470162506
0.4290105470162506
0.39721213662506394
0.39487201783632236
0.4170744297375282
0.3787262017279863
0.3787262017279863
0.37577915428156655
0.36998909657901774
0.3653680490017558
0.3684578666154295
0.371019717016009
0.391251844278692
0.36249778318721804
0.3604144175828124
0.3585292851270487
0.37222073457955074
0.35651281919206185
0.36942205035363634
0.3507478524630579
0.37261885594849786
0.34313567767962816
0.3449639140507827
0.33862475566261757
0.3445447993269501
0.3542098811487667
0.332794864127785
0.331946577297089
0.32325152474511415
0.3256879507503162
0.3371175214595161
0.32248625106482454
0.34696649310588834
0.3243277619024118
0.3412891849820813
0.3159838595749189
0.3165303182685127
0.33686658948998277
0.3150868996859528
0.3578820788593497
0.31430537450021756
0.31328279292720057
0.3089046204547243
0.3159608306976346
0.3141977473218304
0.2958595682170552
0.3197941804154155
0.2955651724008533
0.3004888581855533
0.30173921959837896
0.29565217070306343
0.29451665505439356
0.32097075676020853
0.2942066132225096
0.2899220244451736
0.30152897946960294
0.29088581527705926
0.2875494489748652
0.29123282511237386
0.27881354583514234
0.27719636637793543
0.2745474838985596
0.2732008297338616
0.2776732341502948
0.2731439876112
0.2740583877594831
0.275839618230223
0.2738632410942577
0.2738632410942577
0.27168757028019364
0.2716111300770193
0.2692576385761456
0.27605552626367036
0.2610392261625733
0.26394512479766274
0.264107173357221
0.2986543919841216
0.2817567430146349
0.2644216982754413
0.26395901104377895
0.33811418625209483
0.2618245077386033
0.2534412206822851
0.2528810768512543
0.2523545293759244
0.27322749462925516
0.2551626185430835
0.32667945416658184
0.2529935074956467
0.251296426214433
0.24575585291151267
0.24786800554102909
0.24357428913041948
0.24504650309490972
0.2433633227579994
0.2409025990836788
0.23867470409222102
0.24380502804736606
0.25712635832820085
0.23968242488817001
0.24059189242306941
0.25308900587707756
0.2540926451450214
0.2322052053023673
0.27299302553511223
0.2343404026345272
0.23352486434079087
