0.15651666666666667
0.25475
0.37971666666666665
0.39005
0.56815
0.697
0.7194
0.6582
0.6304666666666666
0.76015
0.7794166666666666
0.72655
0.7341166666666666
0.54725
0.8054
0.7675666666666666
0.76365
0.8072
0.8176833333333333
0.8269666666666666
0.7986833333333333
0.8310333333333333
0.8075833333333333
0.8359166666666666
0.8385666666666667
0.8530333333333333
0.8519
0.8215833333333333
0.85225
0.86215
0.8599
0.8626666666666667
0.8666
0.8686
0.8708333333333333
0.87315
0.8705333333333334
0.8701
0.8731833333333333
0.8731833333333333
0.873
0.8762833333333333
0.86085
0.86085
0.86085
0.8779833333333333
0.8781166666666667
0.8655666666666667
0.8838333333333334
0.8838333333333334
0.8842333333333333
0.8865166666666666
0.8882333333333333
0.8876333333333334
0.88705
0.8746
0.8880333333333333
0.8877666666666667
0.8882833333333333
0.8836666666666667
0.8883666666666666
0.8836166666666667
0.8907333333333334
0.8792
0.8930833333333333
0.89245
0.8943333333333333
0.8912333333333333
0.8886166666666667
0.8959
0.8963
0.9002833333333333
0.89835
0.8948333333333334
0.89955
0.8884333333333333
0.89805
0.89005
0.9018166666666667
0.90145
0.8923666666666666
0.90105
0.8889333333333334
0.9020166666666667
0.9038
0.90555
0.9031166666666667
0.9035
0.9093333333333333
0.8969833333333334
0.9084166666666667
0.9055333333333333
0.9046833333333333
0.9091833333333333
0.9080833333333334
0.8955333333333333
0.9066166666666666
0.9091333333333333
0.90595
0.9079166666666667
0.91
0.9079
0.9128166666666667
0.9133333333333333
0.9142666666666667
0.9149333333333334
0.9123
0.9147833333333333
0.9137
0.91365
0.91355
0.91355
0.9143833333333333
0.9145
0.9147166666666666
0.9142166666666667
0.9188
0.9174166666666667
0.9164166666666667
0.90715
0.90855
0.9173833333333333
0.9159666666666667
0.8862166666666667
0.9176166666666666
0.9203166666666667
0.9206666666666666
0.9212833333333333
0.91215
0.9188166666666666
0.89575
0.9200333333333334
0.9203333333333333
0.9229166666666667
0.9226
0.9239
0.9237666666666666
0.9247333333333333
0.9247833333333333
0.9257333333333333
0.9238666666666666
0.9171333333333334
0.9243
0.9248666666666666
0.9209
0.91875
0.9273333333333333
0.9137833333333333
0.92715
0.9268
