2.2880624253908795
2.2609103890339535
2.2205986751119298
2.1597498088637987
2.0753866615355014
1.9657233822365603
1.8248950264235337
1.6619426808158557
1.488343099107345
1.3198542868713539
1.1709895994991064
1.0470698547631503
0.9441804139872392
0.86084494488736
0.7944266559739908
0.7409888560598096
0.6939640760029355
0.6562093654523293
0.6237150179713965
0.5968976519356172
0.5722524887382984
0.5519432624404629
0.534282497095565
0.5192853572318952
0.5055463706962764
0.49303651437163354
0.4821536830385526
0.47091631809125345
0.4616246304218968
0.45383971359431746
0.44472061210547886
0.4389522522352636
0.43154155472392836
0.42496250421454507
0.41858277441710234
0.4133442463013033
0.4086079199825724
0.40340474255792796
0.4031910280267398
0.39637436533235015
0.38956713375175994
0.38531903799089295
0.38091493625293177
0.37683789465179046
0.3732456314045936
0.37005579967933394
0.366570934901759
0.3633352519851178
0.3614336969298621
0.3601269043497741
0.3601269043497741
0.3526173210442066
0.34982141611371187
0.3464758338270088
0.34459601729083805
0.34091000653759884
0.34031596074718984
0.3363375849784662
0.33336209842978665
0.33201726257596165
0.3287574075706303
0.32810579916499555
0.3247782178442925
0.3226647466344138
0.32262316531985996
0.31824061310527224
0.31853834721346697
0.314578212404189
0.3151664470757668
0.3151664470757668
0.30891162323312216
0.3070158653371036
0.3070158653371036
0.30621311187402656
0.3010060821162537
0.3003926639838144
0.3008653697114438
0.2964762487946078
0.29515846152609837
0.2932455573219806
0.29189886102968204
0.29007265005322797
0.288710758139131
0.2867491445950543
0.2846572888168817
0.28293044730753947
0.2818017421669016
0.28042937470556545
0.27890338717959823
0.27658668707565714
0.27580659826969106
0.27470976559594273
0.2737219962938378
0.2723545844612643
0.27052126537549
0.26849476451799276
0.26775501549635083
0.2667741477046162
0.2649881814273074
0.2645460109325747
0.26252363110048077
0.2612981573682278
0.25939738725417605
0.2581644491534059
0.25699667383904257
0.2555580682815363
0.25631048128940165
0.2546901598606259
0.2534075590365877
0.2513629530972491
0.25104097039693346
0.24870025055153916
0.2480592452963814
0.24745249714205664
0.24650097905881702
0.24737722086934372
0.24371754143834115
0.24505647280265888
0.24474257627284776
0.2415646518283834
0.2395671466481251
0.23871601673647141
0.23758070972484227
0.23597315600048752
0.23629211030441025
0.23486075676409526
0.23355808905623854
0.23246053761669125
0.23445924960200984
0.23186320483041928
0.23045035062972455
0.22904336234421158
0.2286895963439097
0.22722277011092132
0.22653910863890003
0.2254714015111327
0.2248437225333415
0.22314012788441032
0.22330134984139974
0.22419246718188127
0.22152116714954997
0.22076836622813717
0.2196878097545666
0.21929423964098096
0.2178275727323567
0.21769670779534306
0.21642874869704246
0.21542932900988188
0.21746880825192977
0.21453611999973654
0.21293976514556756
0.2139436077891849
0.2117296684271035
0.21053429935422416
0.2098700142676321
0.2094545925525638
0.20921887891258423
0.20810724950817724
0.20757522406692927
0.20691139403140793
0.2065317161258931
0.20557217786672213
0.20397570435206094
0.20423844784737255
0.20264137407792732
0.20246965310548742
0.2015830109845847
0.20075562851323436
0.20021094121926775
0.19971337296888234
0.19913442937098444
0.19842784319448595
0.19799704794815431
0.19829959096095215
0.19629958436144515
0.19565552887540932
0.19518979456775512
0.19533822852931917
0.19622846433777982
0.19377515666584175
0.19273987318218375
0.19225844334469488
0.19233709946327532
0.19167690868079662
0.19170555363260208
0.1896304622923024
0.1892097703733792
0.1889259045072055
0.19969214873801297
0.18846994142246742
0.18793569536069407
0.1864333518406376
0.1863400799662185
0.18532739911501606
0.1852719739926358
0.18560762261593095
0.18356160735298568
0.1828846919509272
0.18254100591096406
0.18197676045531408
