0.15833333333333333
0.1945
0.21073333333333333
0.33145
0.5165333333333333
0.5743
0.67665
0.7086333333333333
0.7312666666666666
0.7474333333333333
0.7629333333333334
0.7752833333333333
0.7900333333333334
0.7985333333333333
0.8110833333333334
0.81915
0.8295666666666667
0.83485
0.8409833333333333
0.8461833333333333
0.8521833333333333
0.8555
0.8593
0.8618166666666667
0.8645333333333334
0.86705
0.86915
0.8714666666666666
0.8732666666666666
0.8752
0.8776333333333334
0.8781333333333333
0.8805833333333334
0.8816333333333334
0.8831
0.8841666666666667
0.8847333333333334
0.8852666666666666
0.8844833333333333
0.8863166666666666
0.8883833333333333
0.8896
0.8910833333333333
0.89195
0.89255
0.8935
0.8938833333333334
0.8944666666666666
0.8948333333333334
0.8950666666666667
0.8950666666666667
0.8979166666666667
0.8982166666666667
0.8994833333333333
0.8995166666666666
0.9001333333333333
0.9008
0.9014333333333333
0.90275
0.90255
0.9036
0.9034166666666666
0.9049333333333334
0.90555
0.9036
0.90625
0.90495
0.90745
0.90605
0.90605
0.9092
0.9086166666666666
0.9086166666666666
0.90915
0.9107
0.9106333333333333
0.9096
0.9119166666666667
0.91225
0.91275
0.91305
0.91375
0.91435
0.9148166666666666
0.9154833333333333
0.9159666666666667
0.9160666666666667
0.91615
0.917
0.9175833333333333
0.9178333333333333
0.9181666666666667
0.9184166666666667
0.91875
0.91935
0.9202666666666667
0.9202166666666667
0.9206
0.9209666666666667
0.9215833333333333
0.9218
0.9219666666666667
0.9227833333333333
0.9234666666666667
0.9233833333333333
0.9240666666666667
0.9234166666666667
0.9235
0.9246833333333333
0.9253166666666667
0.9253333333333333
0.9258833333333333
0.9261
0.9260166666666667
0.9264666666666667
0.9261833333333334
0.9272833333333333
0.9266666666666666
0.9263166666666667
0.9278833333333333
0.92845
0.9286666666666666
0.9293666666666667
0.9295333333333333
0.9295333333333333
0.9297833333333333
0.9303333333333333
0.93065
0.93075
0.9310833333333334
0.9312666666666667
0.9324166666666667
0.9318
0.9325333333333333
0.93275
0.93305
0.9332166666666667
0.9340166666666667
0.9337333333333333
0.9329166666666666
0.9341166666666667
0.9343333333333333
0.9348166666666666
0.9345833333333333
0.9352666666666667
0.9355333333333333
0.9357
0.9359666666666666
0.9347666666666666
0.9362666666666667
0.9365333333333333
0.9358833333333333
0.9371
0.9375666666666667
0.9378666666666666
0.9374833333333333
0.9373833333333333
0.9378666666666666
0.93815
0.9381833333333334
0.9382
0.9384
0.9389833333333333
0.9395
0.93935
0.9392
0.9396166666666667
0.94005
0.9400833333333334
0.9401666666666667
0.9401666666666667
0.9404833333333333
0.9408333333333333
0.9406166666666667
0.9411833333333334
0.94155
0.94135
0.94165
0.94085
0.9420333333333333
0.9427
0.94245
0.9426166666666667
0.9428333333333333
0.9428833333333333
0.94365
0.9436666666666667
0.9439333333333333
0.94
0.9437333333333333
0.9440666666666667
0.9445666666666667
0.9443
0.9444833333333333
0.9444166666666667
0.9443666666666667
0.9452666666666667
0.94525
0.9451333333333334
0.9454166666666667
